81.1504647469
50.4175827522
72.5738769054
67.1111275357
20.8152552839
64.6033549281
77.5838894424
98.7421737884
47.2596461008
66.8916911782
1.8245385203
92.5559051947
96.5076702991
77.5793911363
1.9055029333
82.7502342167
80.2476859422
64.1968893932
81.4535028703
57.1285120448
4.1189327849
36.3202617882
69.5175078591
50.0332032731
70.8429086209
90.5601622590
97.9559044462
59.6033441120
24.2354809446
56.8262304353
36.0090589565
31.6142568736
93.8927046368
56.7801841282
40.1776877912
93.6071869336
19.9879915771
27.6109183525
85.7284184234
99.4784329930
14.8131340345
62.3787560898
69.6381893072
38.9395172911
54.0591842794
30.6143746530
23.3042871286
2.4692885242
43.0152594363
26.5022164253
31.3378844159
20.7844159606
96.8053722730
14.3635192969
98.8370813434
82.1722518993
94.2772061166
59.3149116523
91.6291613332
33.1793358671
37.6708584207
19.5006131754
59.2090033733
62.2963205246
92.6355982124
60.4812787088
41.0487312607
84.7474282554
63.9238961212
76.1830206452
7.7859896510
32.6749660061
33.5118973746
63.6027720215
32.0600726452
58.8286461224
10.7993847242
50.7644291241
55.0197732548
76.4693081608
63.6092269580
44.2963751040
34.3452334072
72.8707352560
15.0726033851
34.1481495660
69.7858331452
44.8125864620
83.8670377423
34.1706174716
23.8341646473
40.4861523253
33.6795626686
25.3049137344
56.0049048955
21.5873814644
63.2759031197
63.6660937508
1.1622973121
37.2968378379
